0.000000e+00 6.000000e-01 0.000000e+00 3.000000e-01 3.000000e-01 3.000000e-01 3.000002e-01 1.300000e+00 2.300000e+00 3.300000e+00 4.300000e+00 
1.000000e+00 5.998893e-01 0.000000e+00 2.999543e-01 3.099339e-01 2.977550e-01 2.918520e-01 1.299954e+00 2.309934e+00 3.297755e+00 4.291852e+00 
2.000000e+00 3.549142e-01 0.000000e+00 2.982594e-01 -1.715183e-03 1.832333e-01 -5.854964e-02 1.298259e+00 1.998285e+00 3.183233e+00 3.941450e+00 
3.000000e+00 3.015477e-01 0.000000e+00 3.015198e-01 2.621174e-03 1.190662e-03 -2.924681e-03 1.301520e+00 2.002621e+00 3.001191e+00 3.997075e+00 
4.000000e+00 1.434080e-01 0.000000e+00 1.433487e-01 2.835035e-03 -2.884865e-03 -8.122921e-04 1.143349e+00 2.002835e+00 2.997115e+00 3.999188e+00 
5.000000e+00 1.412573e-01 0.000000e+00 1.412005e-01 2.745867e-03 -2.850294e-03 -6.000996e-04 1.141201e+00 2.002746e+00 2.997150e+00 3.999400e+00 
6.000000e+00 2.870426e-01 0.000000e+00 2.870208e-01 2.350330e-03 -1.142740e-03 -2.385616e-03 1.287021e+00 2.002350e+00 2.998857e+00 3.997614e+00 
7.000000e+00 8.468905e-02 0.000000e+00 8.465600e-02 1.373053e-03 3.709793e-04 -1.890659e-03 1.084656e+00 2.001373e+00 3.000371e+00 3.998109e+00 
8.000000e+00 1.102876e-01 0.000000e+00 1.102610e-01 1.354694e-03 2.481937e-04 -1.995564e-03 1.110261e+00 2.001355e+00 3.000248e+00 3.998004e+00 
9.000000e+00 1.664717e-02 0.000000e+00 1.659906e-02 6.783009e-04 -7.236004e-04 -7.846355e-04 1.016599e+00 2.000678e+00 2.999276e+00 3.999215e+00 
1.000000e+01 4.365730e-02 4.365730e-02 -4.364431e-02 3.464222e-04 -9.205341e-04 -4.086494e-04 9.563557e-01 2.000346e+00 2.999079e+00 3.999591e+00 
1.100000e+01 2.068552e-03 2.286293e-02 1.387119e-03 9.553432e-04 -1.139879e-03 -3.778934e-04 1.001387e+00 2.000955e+00 2.998860e+00 3.999622e+00 
1.200000e+01 9.654269e-02 4.742285e-02 -9.653288e-02 2.238750e-04 1.034021e-03 -8.804798e-04 9.034671e-01 2.000224e+00 3.001034e+00 3.999120e+00 
1.300000e+01 1.256376e-01 6.697653e-02 -1.256306e-01 3.995895e-04 1.117706e-03 -5.977154e-04 8.743694e-01 2.000400e+00 3.001118e+00 3.999402e+00 
1.400000e+01 3.758950e-02 6.109913e-02 -3.757411e-02 -5.410910e-04 4.875660e-04 -7.913113e-04 9.624259e-01 1.999459e+00 3.000488e+00 3.999209e+00 
1.500000e+01 2.899664e-02 5.574871e-02 -2.897805e-02 -5.606413e-04 4.711151e-04 -7.359982e-04 9.710220e-01 1.999439e+00 3.000471e+00 3.999264e+00 
1.600000e+01 4.502803e-02 5.421719e-02 -4.501802e-02 -5.145073e-04 4.789829e-04 -6.384850e-04 9.549820e-01 1.999485e+00 3.000479e+00 3.999362e+00 
1.700000e+01 1.977676e-03 4.768725e-02 1.932263e-03 -1.435280e-04 -3.650188e-04 -1.540184e-04 1.001932e+00 1.999856e+00 2.999635e+00 3.999846e+00 
1.800000e+01 2.122965e-02 4.474752e-02 -2.121651e-02 -3.808737e-04 -1.688004e-04 -6.198883e-04 9.787835e-01 1.999619e+00 2.999831e+00 3.999380e+00 
1.900000e+01 3.344009e-02 4.361677e-02 -3.343284e-02 -3.471375e-04 -1.001358e-04 -5.950928e-04 9.665672e-01 1.999653e+00 2.999900e+00 3.999405e+00 
2.000000e+01 4.930743e-02 4.413411e-02 -4.930210e-02 -1.773834e-04 -1.738071e-04 -6.806850e-04 9.506979e-01 1.999823e+00 2.999826e+00 3.999319e+00 
2.100000e+01 9.553846e-02 4.841780e-02 -9.553236e-02 -6.204844e-04 7.755756e-04 -4.236698e-04 9.044676e-01 1.999380e+00 3.000776e+00 3.999576e+00 
2.200000e+01 1.110199e-01 5.323335e-02 -1.110156e-01 -6.747246e-04 5.395412e-04 -4.622936e-04 8.889844e-01 1.999325e+00 3.000540e+00 3.999538e+00 
2.300000e+01 1.097218e-01 5.726824e-02 -1.097175e-01 -6.787777e-04 5.176067e-04 -4.715919e-04 8.902825e-01 1.999321e+00 3.000518e+00 3.999528e+00 
2.400000e+01 9.221004e-02 5.959769e-02 -9.220648e-02 -5.410910e-04 3.724098e-04 -4.751682e-04 9.077935e-01 1.999459e+00 3.000372e+00 3.999525e+00 
2.500000e+01 8.557594e-02 6.122134e-02 -8.557194e-02 -5.286932e-04 2.906322e-04 -5.662441e-04 9.144281e-01 1.999471e+00 3.000291e+00 3.999434e+00 
2.600000e+01 1.230171e-01 6.485638e-02 -1.230150e-01 -3.037453e-04 -3.201962e-04 -5.536079e-04 8.769850e-01 1.999696e+00 2.999680e+00 3.999446e+00 
2.700000e+01 1.102177e-01 6.737645e-02 -1.102164e-01 -3.615618e-04 -2.875328e-04 -2.570152e-04 8.897836e-01 1.999638e+00 2.999712e+00 3.999743e+00 
2.800000e+01 9.784752e-02 6.898019e-02 -9.784687e-02 -3.136396e-04 -1.502037e-05 -1.699924e-04 9.021531e-01 1.999686e+00 2.999985e+00 3.999830e+00 
2.900000e+01 1.030270e-01 7.068253e-02 -1.030263e-01 -3.478527e-04 7.152557e-07 -1.814365e-04 8.969737e-01 1.999652e+00 3.000001e+00 3.999819e+00 
3.000000e+01 1.077254e-01 7.244648e-02 -1.077245e-01 -3.918409e-04 3.814697e-05 -2.198219e-04 8.922755e-01 1.999608e+00 3.000038e+00 3.999780e+00 
3.100000e+01 1.174466e-01 7.449194e-02 -1.174456e-01 -4.096031e-04 5.960464e-06 -2.572536e-04 8.825544e-01 1.999590e+00 3.000006e+00 3.999743e+00 
3.200000e+01 1.352197e-01 7.713228e-02 -1.352189e-01 -4.460812e-04 4.649162e-05 2.813339e-05 8.647811e-01 1.999554e+00 3.000046e+00 4.000028e+00 
3.300000e+01 1.391145e-01 7.971487e-02 -1.391137e-01 -4.683733e-04 5.626678e-05 5.054474e-05 8.608863e-01 1.999532e+00 3.000056e+00 4.000051e+00 
3.400000e+01 1.261194e-01 8.157105e-02 -1.261176e-01 -5.915165e-04 2.799034e-04 1.006126e-04 8.738824e-01 1.999408e+00 3.000280e+00 4.000101e+00 
3.500000e+01 1.369057e-01 8.369931e-02 -1.369046e-01 -5.006790e-04 1.533031e-04 1.435280e-04 8.630954e-01 1.999499e+00 3.000153e+00 4.000144e+00 
3.600000e+01 1.536479e-01 8.628999e-02 -1.536464e-01 -6.532669e-04 9.870529e-05 -1.282692e-04 8.463536e-01 1.999347e+00 3.000099e+00 3.999872e+00 
3.700000e+01 1.549855e-01 8.874340e-02 -1.549840e-01 -6.544590e-04 1.010895e-04 -1.337528e-04 8.450160e-01 1.999346e+00 3.000101e+00 3.999866e+00 
3.800000e+01 1.419575e-01 9.057837e-02 -1.419559e-01 -6.324053e-04 9.799004e-05 -2.045631e-04 8.580441e-01 1.999368e+00 3.000098e+00 3.999795e+00 
3.900000e+01 1.331424e-01 9.199717e-02 -1.331407e-01 -5.116463e-04 4.253387e-04 -1.239777e-04 8.668593e-01 1.999488e+00 3.000425e+00 3.999876e+00 
4.000000e+01 1.338923e-01 9.334863e-02 -1.338907e-01 -5.125999e-04 3.969669e-04 -1.273155e-04 8.661093e-01 1.999487e+00 3.000397e+00 3.999873e+00 
4.100000e+01 1.146764e-01 9.401512e-02 -1.146742e-01 -6.276369e-04 1.938343e-04 -2.503395e-04 8.853258e-01 1.999372e+00 3.000194e+00 3.999750e+00 
4.200000e+01 1.130420e-01 9.459169e-02 -1.130400e-01 -6.004572e-04 2.071857e-04 -2.434254e-04 8.869600e-01 1.999400e+00 3.000207e+00 3.999757e+00 
4.300000e+01 1.151017e-01 9.519493e-02 -1.150997e-01 -6.024837e-04 2.126694e-04 -2.593994e-04 8.849003e-01 1.999398e+00 3.000213e+00 3.999741e+00 
4.400000e+01 1.179672e-01 9.584557e-02 -1.179652e-01 -5.933046e-04 2.231598e-04 -2.620220e-04 8.820348e-01 1.999407e+00 3.000223e+00 3.999738e+00 
4.500000e+01 1.039392e-01 9.607039e-02 -1.039363e-01 -6.036758e-04 2.748966e-04 -4.239082e-04 8.960637e-01 1.999396e+00 3.000275e+00 3.999576e+00 
4.600000e+01 8.790016e-02 9.584957e-02 -8.789217e-02 -7.535219e-04 7.624626e-04 -5.037785e-04 9.121078e-01 1.999246e+00 3.000762e+00 3.999496e+00 
4.700000e+01 9.142330e-02 9.573309e-02 -9.141511e-02 -7.562637e-04 8.087158e-04 -5.216599e-04 9.085849e-01 1.999244e+00 3.000809e+00 3.999478e+00 
4.800000e+01 9.059723e-02 9.560140e-02 -9.058899e-02 -7.560253e-04 8.015633e-04 -5.288124e-04 9.094110e-01 1.999244e+00 3.000802e+00 3.999471e+00 
4.900000e+01 8.113057e-02 9.523963e-02 -8.112168e-02 -7.112026e-04 7.956028e-04 -5.507469e-04 9.188783e-01 1.999289e+00 3.000796e+00 3.999449e+00 
5.000000e+01 7.897045e-02 9.484282e-02 -7.896203e-02 -6.915331e-04 7.631779e-04 -5.187988e-04 9.210380e-01 1.999308e+00 3.000763e+00 3.999481e+00 
5.100000e+01 7.296976e-02 9.432204e-02 -7.295996e-02 -7.432699e-04 7.743835e-04 -5.271435e-04 9.270400e-01 1.999257e+00 3.000774e+00 3.999473e+00 
5.200000e+01 7.651271e-02 9.390787e-02 -7.650393e-02 -7.343292e-04 7.534027e-04 -4.866123e-04 9.234961e-01 1.999266e+00 3.000753e+00 3.999513e+00 
5.300000e+01 1.010109e-01 9.406930e-02 -1.010008e-01 -9.994507e-04 9.150505e-04 -4.415512e-04 8.989992e-01 1.999001e+00 3.000915e+00 3.999558e+00 
5.400000e+01 1.047365e-01 9.430635e-02 -1.047279e-01 -9.579659e-04 8.478165e-04 -3.941059e-04 8.952721e-01 1.999042e+00 3.000848e+00 3.999606e+00 
5.500000e+01 1.047658e-01 9.453373e-02 -1.047572e-01 -9.582043e-04 8.478165e-04 -3.941059e-04 8.952428e-01 1.999042e+00 3.000848e+00 3.999606e+00 
5.600000e+01 9.967888e-02 9.464320e-02 -9.967053e-02 -8.860826e-04 8.349419e-04 -4.279613e-04 9.003295e-01 1.999114e+00 3.000835e+00 3.999572e+00 
5.700000e+01 1.050008e-01 9.485898e-02 -1.049935e-01 -8.330345e-04 8.330345e-04 -3.969669e-04 8.950065e-01 1.999167e+00 3.000833e+00 3.999603e+00 
5.800000e+01 1.102988e-01 9.517408e-02 -1.102917e-01 -8.132458e-04 8.480549e-04 -4.205704e-04 8.897083e-01 1.999187e+00 3.000848e+00 3.999579e+00 
5.900000e+01 1.060689e-01 9.539198e-02 -1.060614e-01 -8.044243e-04 8.637905e-04 -4.370213e-04 8.939386e-01 1.999196e+00 3.000864e+00 3.999563e+00 
6.000000e+01 9.627294e-02 9.540925e-02 -9.626472e-02 -7.590055e-04 8.718967e-04 -4.954338e-04 9.037353e-01 1.999241e+00 3.000872e+00 3.999505e+00 
6.100000e+01 9.181977e-02 9.534022e-02 -9.181106e-02 -7.430315e-04 8.885860e-04 -5.083084e-04 9.081889e-01 1.999257e+00 3.000889e+00 3.999492e+00 
6.200000e+01 9.015073e-02 9.524231e-02 -9.014189e-02 -7.548332e-04 8.816719e-04 -4.968643e-04 9.098581e-01 1.999245e+00 3.000882e+00 3.999503e+00 
6.300000e+01 8.663076e-02 9.508283e-02 -8.662122e-02 -7.573366e-04 8.869171e-04 -5.404949e-04 9.133788e-01 1.999243e+00 3.000887e+00 3.999460e+00 
6.400000e+01 8.174490e-02 9.484032e-02 -8.173484e-02 -7.083416e-04 9.062290e-04 -5.671978e-04 9.182652e-01 1.999292e+00 3.000906e+00 3.999433e+00 
6.500000e+01 9.935749e-02 9.492099e-02 -9.935009e-02 -6.372929e-04 9.791851e-04 -3.221035e-04 9.006499e-01 1.999363e+00 3.000979e+00 3.999678e+00 
6.600000e+01 9.180133e-02 9.486626e-02 -9.179401e-02 -6.108284e-04 9.584427e-04 -2.253056e-04 9.082060e-01 1.999389e+00 3.000958e+00 3.999775e+00 
6.700000e+01 8.940037e-02 9.477202e-02 -8.939362e-02 -5.333424e-04 9.410381e-04 -1.945496e-04 9.106064e-01 1.999467e+00 3.000941e+00 3.999805e+00 
6.800000e+01 7.805998e-02 9.448876e-02 -7.805133e-02 -5.424023e-04 9.787083e-04 -3.149509e-04 9.219487e-01 1.999458e+00 3.000979e+00 3.999685e+00 
6.900000e+01 7.322083e-02 9.413430e-02 -7.321090e-02 -5.468130e-04 1.008034e-03 -3.740788e-04 9.267891e-01 1.999453e+00 3.001008e+00 3.999626e+00 
7.000000e+01 7.485207e-02 9.381820e-02 -7.484245e-02 -5.422831e-04 1.010180e-03 -3.528595e-04 9.251575e-01 1.999458e+00 3.001010e+00 3.999647e+00 
7.100000e+01 8.031697e-02 9.360043e-02 -8.030909e-02 -4.861355e-04 9.369850e-04 -3.883839e-04 9.196909e-01 1.999514e+00 3.000937e+00 3.999612e+00 
7.200000e+01 7.330180e-02 9.327823e-02 -7.329512e-02 -4.425049e-04 8.246899e-04 -3.230572e-04 9.267049e-01 1.999557e+00 3.000825e+00 3.999677e+00 
7.300000e+01 6.800405e-02 9.288332e-02 -6.799865e-02 -4.045963e-04 7.190704e-04 -2.322197e-04 9.320014e-01 1.999595e+00 3.000719e+00 3.999768e+00 
7.400000e+01 7.666276e-02 9.263378e-02 -7.665747e-02 -3.842115e-04 7.205009e-04 -3.786087e-04 9.233425e-01 1.999616e+00 3.000721e+00 3.999621e+00 
7.500000e+01 8.268742e-02 9.248307e-02 -8.268344e-02 -3.746748e-04 6.568432e-04 -2.934933e-04 9.173166e-01 1.999625e+00 3.000657e+00 3.999707e+00 
7.600000e+01 7.144100e-02 9.216901e-02 -7.143736e-02 -3.448725e-04 5.719662e-04 -2.713203e-04 9.285626e-01 1.999655e+00 3.000572e+00 3.999729e+00 
7.700000e+01 7.106086e-02 9.185860e-02 -7.105720e-02 -3.495216e-04 5.674362e-04 -2.746582e-04 9.289428e-01 1.999650e+00 3.000567e+00 3.999725e+00 
7.800000e+01 7.157797e-02 9.156468e-02 -7.157433e-02 -3.460646e-04 5.707741e-04 -2.748966e-04 9.284257e-01 1.999654e+00 3.000571e+00 3.999725e+00 
7.900000e+01 6.545700e-02 9.119171e-02 -6.545275e-02 -2.527237e-04 6.027222e-04 -3.578663e-04 9.345472e-01 1.999747e+00 3.000603e+00 3.999642e+00 
8.000000e+01 6.879357e-02 9.087624e-02 -6.879026e-02 -2.238750e-04 5.419254e-04 -3.347397e-04 9.312097e-01 1.999776e+00 3.000542e+00 3.999665e+00 
8.100000e+01 7.545427e-02 9.066205e-02 -7.545102e-02 -2.192259e-04 4.818439e-04 -4.591942e-04 9.245490e-01 1.999781e+00 3.000482e+00 3.999541e+00 
8.200000e+01 7.709958e-02 9.047626e-02 -7.709652e-02 -1.856089e-04 4.813671e-04 -4.532337e-04 9.229035e-01 1.999814e+00 3.000481e+00 3.999547e+00 
8.300000e+01 6.924994e-02 9.018942e-02 -6.924701e-02 -1.630783e-04 4.763603e-04 -3.914833e-04 9.307530e-01 1.999837e+00 3.000476e+00 3.999609e+00 
8.400000e+01 7.324710e-02 8.996352e-02 -7.324392e-02 -1.715422e-04 5.381107e-04 -3.843307e-04 9.267561e-01 1.999828e+00 3.000538e+00 3.999616e+00 
8.500000e+01 7.022750e-02 8.970384e-02 -7.022423e-02 -1.536608e-04 5.333424e-04 -3.898144e-04 9.297758e-01 1.999846e+00 3.000533e+00 3.999610e+00 
8.600000e+01 7.519985e-02 8.951547e-02 -7.519686e-02 -1.525879e-04 5.574226e-04 -3.390312e-04 9.248031e-01 1.999847e+00 3.000557e+00 3.999661e+00 
8.700000e+01 6.557922e-02 8.920860e-02 -6.557578e-02 -3.002882e-04 5.278587e-04 -2.863407e-04 9.344242e-01 1.999700e+00 3.000528e+00 3.999714e+00 
8.800000e+01 7.044101e-02 8.897104e-02 -7.043809e-02 -2.673864e-04 5.047321e-04 -2.932549e-04 9.295619e-01 1.999733e+00 3.000505e+00 3.999707e+00 
8.900000e+01 7.708229e-02 8.882243e-02 -7.708019e-02 -2.462864e-04 4.198551e-04 -2.934933e-04 9.229198e-01 1.999754e+00 3.000420e+00 3.999707e+00 
9.000000e+01 7.498861e-02 8.865164e-02 -7.498688e-02 -1.817942e-04 4.110336e-04 -2.410412e-04 9.250131e-01 1.999818e+00 3.000411e+00 3.999759e+00 
9.100000e+01 6.864398e-02 8.840764e-02 -6.864142e-02 -1.444817e-04 4.951954e-04 -2.913475e-04 9.313586e-01 1.999856e+00 3.000495e+00 3.999709e+00 
9.200000e+01 6.970255e-02 8.818228e-02 -6.970000e-02 -1.537800e-04 4.930496e-04 -2.963543e-04 9.303000e-01 1.999846e+00 3.000493e+00 3.999704e+00 
9.300000e+01 6.613592e-02 8.791982e-02 -6.613314e-02 -1.610518e-04 4.796982e-04 -3.335476e-04 9.338669e-01 1.999839e+00 3.000480e+00 3.999666e+00 
9.400000e+01 6.495695e-02 8.764967e-02 -6.495398e-02 -1.658201e-04 4.899502e-04 -3.440380e-04 9.350460e-01 1.999834e+00 3.000490e+00 3.999656e+00 
9.500000e+01 6.117775e-02 8.734186e-02 -6.117409e-02 -1.491308e-04 5.724430e-04 -3.118515e-04 9.388259e-01 1.999851e+00 3.000572e+00 3.999688e+00 
9.600000e+01 6.375807e-02 8.707078e-02 -6.375456e-02 -1.382828e-04 5.843639e-04 -2.954006e-04 9.362454e-01 1.999862e+00 3.000584e+00 3.999705e+00 
9.700000e+01 5.961080e-02 8.675874e-02 -5.960637e-02 -1.811981e-04 6.403923e-04 -2.913475e-04 9.403936e-01 1.999819e+00 3.000640e+00 3.999709e+00 
9.800000e+01 6.077182e-02 8.646675e-02 -6.076753e-02 -1.877546e-04 6.349087e-04 -2.875328e-04 9.392325e-01 1.999812e+00 3.000635e+00 3.999712e+00 
9.900000e+01 6.407862e-02 8.621799e-02 -6.407440e-02 -2.729893e-04 6.351471e-04 -2.527237e-04 9.359256e-01 1.999727e+00 3.000635e+00 3.999747e+00 
1.000000e+02 5.883319e-02 8.591706e-02 -5.882776e-02 -2.681017e-04 6.985664e-04 -2.808571e-04 9.411722e-01 1.999732e+00 3.000699e+00 3.999719e+00 
1.010000e+02 5.978325e-02 8.563300e-02 -5.977774e-02 -2.871752e-04 7.004738e-04 -2.930164e-04 9.402223e-01 1.999713e+00 3.000700e+00 3.999707e+00 
1.020000e+02 5.442278e-02 8.529740e-02 -5.441636e-02 -3.832579e-04 6.833076e-04 -2.923012e-04 9.455836e-01 1.999617e+00 3.000683e+00 3.999708e+00 
1.030000e+02 6.295053e-02 8.505967e-02 -6.294382e-02 -2.831221e-04 8.242130e-04 -2.930164e-04 9.370562e-01 1.999717e+00 3.000824e+00 3.999707e+00 
1.040000e+02 6.239846e-02 8.482113e-02 -6.239176e-02 -2.796650e-04 8.232594e-04 -2.832413e-04 9.376082e-01 1.999720e+00 3.000823e+00 3.999717e+00 
1.050000e+02 5.816332e-02 8.454344e-02 -5.815333e-02 -2.733469e-04 9.789467e-04 -3.581047e-04 9.418467e-01 1.999727e+00 3.000979e+00 3.999642e+00 
1.060000e+02 5.924207e-02 8.428261e-02 -5.923241e-02 -2.789497e-04 9.682178e-04 -3.592968e-04 9.407676e-01 1.999721e+00 3.000968e+00 3.999641e+00 
1.070000e+02 6.159054e-02 8.405105e-02 -6.158119e-02 -2.837181e-04 9.403229e-04 -4.322529e-04 9.384188e-01 1.999716e+00 3.000940e+00 3.999568e+00 
1.080000e+02 6.550676e-02 8.386374e-02 -6.549776e-02 -2.429485e-04 9.438992e-04 -4.792213e-04 9.345022e-01 1.999757e+00 3.000944e+00 3.999521e+00 
1.090000e+02 6.780874e-02 8.370319e-02 -6.780010e-02 -2.739429e-04 8.716583e-04 -5.803108e-04 9.321999e-01 1.999726e+00 3.000872e+00 3.999420e+00 
1.100000e+02 5.947081e-02 8.346326e-02 -5.946088e-02 -4.543066e-04 8.280277e-04 -5.378723e-04 9.405391e-01 1.999546e+00 3.000828e+00 3.999462e+00 
1.110000e+02 6.188871e-02 8.325175e-02 -6.187993e-02 -4.686117e-04 7.526875e-04 -5.481243e-04 9.381201e-01 1.999531e+00 3.000753e+00 3.999452e+00 
1.120000e+02 6.798435e-02 8.310352e-02 -6.797677e-02 -3.733635e-04 8.201599e-04 -4.673004e-04 9.320232e-01 1.999627e+00 3.000820e+00 3.999533e+00 
1.130000e+02 6.972650e-02 8.297490e-02 -6.971931e-02 -3.442764e-04 8.189678e-04 -4.618168e-04 9.302807e-01 1.999656e+00 3.000819e+00 3.999538e+00 
1.140000e+02 6.899066e-02 8.284171e-02 -6.898332e-02 -3.409386e-04 8.223057e-04 -4.701614e-04 9.310167e-01 1.999659e+00 3.000822e+00 3.999530e+00 
1.150000e+02 6.830910e-02 8.270461e-02 -6.830168e-02 -3.398657e-04 8.251667e-04 -4.668236e-04 9.316983e-01 1.999660e+00 3.000825e+00 3.999533e+00 
1.160000e+02 6.882990e-02 8.257494e-02 -6.882244e-02 -3.391504e-04 8.323193e-04 -4.677773e-04 9.311776e-01 1.999661e+00 3.000832e+00 3.999532e+00 
1.170000e+02 7.216601e-02 8.247856e-02 -7.215911e-02 -3.608465e-04 7.998943e-04 -4.751682e-04 9.278409e-01 1.999639e+00 3.000800e+00 3.999525e+00 
1.180000e+02 6.346503e-02 8.230413e-02 -6.345820e-02 -3.124475e-04 7.345676e-04 -4.789829e-04 9.365418e-01 1.999688e+00 3.000735e+00 3.999521e+00 
1.190000e+02 6.126697e-02 8.211288e-02 -6.125993e-02 -3.004074e-04 7.331371e-04 -4.849434e-04 9.387401e-01 1.999700e+00 3.000733e+00 3.999515e+00 
1.200000e+02 6.464855e-02 8.195554e-02 -6.464207e-02 -2.770424e-04 7.224083e-04 -4.894733e-04 9.353579e-01 1.999723e+00 3.000722e+00 3.999511e+00 
1.210000e+02 6.547709e-02 8.180842e-02 -6.547064e-02 -2.708435e-04 7.262230e-04 -4.944801e-04 9.345294e-01 1.999729e+00 3.000726e+00 3.999506e+00 
1.220000e+02 6.997610e-02 8.170370e-02 -6.997001e-02 -3.399849e-04 6.983280e-04 -4.987717e-04 9.300300e-01 1.999660e+00 3.000698e+00 3.999501e+00 
1.230000e+02 6.520713e-02 8.155900e-02 -6.520122e-02 -3.433228e-04 6.196499e-04 -5.185604e-04 9.347988e-01 1.999657e+00 3.000620e+00 3.999481e+00 
1.240000e+02 6.565703e-02 8.142072e-02 -6.565118e-02 -3.436804e-04 6.198883e-04 -5.159378e-04 9.343488e-01 1.999656e+00 3.000620e+00 3.999484e+00 
1.250000e+02 6.167085e-02 8.125046e-02 -6.166393e-02 -4.032850e-04 6.170273e-04 -5.576611e-04 9.383361e-01 1.999597e+00 3.000617e+00 3.999442e+00 
1.260000e+02 6.507000e-02 8.111217e-02 -6.506366e-02 -4.035234e-04 6.377697e-04 -5.056858e-04 9.349363e-01 1.999596e+00 3.000638e+00 3.999494e+00 
1.270000e+02 6.318146e-02 8.096021e-02 -6.317520e-02 -3.987551e-04 6.139278e-04 -5.044937e-04 9.368248e-01 1.999601e+00 3.000614e+00 3.999496e+00 
1.280000e+02 6.341506e-02 8.081277e-02 -6.340885e-02 -3.949404e-04 6.127357e-04 -5.056858e-04 9.365911e-01 1.999605e+00 3.000613e+00 3.999494e+00 
1.290000e+02 6.045985e-02 8.064317e-02 -6.045401e-02 -3.625154e-04 5.815029e-04 -4.856586e-04 9.395460e-01 1.999637e+00 3.000582e+00 3.999514e+00 
1.300000e+02 6.420696e-02 8.050733e-02 -6.420165e-02 -3.430843e-04 5.786419e-04 -4.785061e-04 9.357983e-01 1.999657e+00 3.000579e+00 3.999521e+00 
1.310000e+02 6.015568e-02 8.034051e-02 -6.014931e-02 -3.488064e-04 6.289482e-04 -4.990101e-04 9.398507e-01 1.999651e+00 3.000629e+00 3.999501e+00 
1.320000e+02 6.051164e-02 8.017930e-02 -6.050527e-02 -3.514290e-04 6.327629e-04 -4.973412e-04 9.394947e-01 1.999649e+00 3.000633e+00 3.999503e+00 
1.330000e+02 6.006994e-02 8.001713e-02 -6.006348e-02 -3.437996e-04 6.425381e-04 -4.949570e-04 9.399365e-01 1.999656e+00 3.000643e+00 3.999505e+00 
1.340000e+02 6.267628e-02 7.987840e-02 -6.267011e-02 -3.815889e-04 6.237030e-04 -4.887581e-04 9.373299e-01 1.999618e+00 3.000624e+00 3.999511e+00 
1.350000e+02 6.544872e-02 7.976388e-02 -6.544298e-02 -3.552437e-04 6.368160e-04 -4.680157e-04 9.345570e-01 1.999645e+00 3.000637e+00 3.999532e+00 
1.360000e+02 6.502321e-02 7.964781e-02 -6.501740e-02 -3.592968e-04 6.363392e-04 -4.708767e-04 9.349826e-01 1.999641e+00 3.000636e+00 3.999529e+00 
1.370000e+02 6.131215e-02 7.950457e-02 -6.130552e-02 -3.228188e-04 6.659031e-04 -5.142689e-04 9.386945e-01 1.999677e+00 3.000666e+00 3.999486e+00 
1.380000e+02 6.095834e-02 7.936080e-02 -6.095165e-02 -3.231764e-04 6.680489e-04 -5.145073e-04 9.390483e-01 1.999677e+00 3.000668e+00 3.999485e+00 
1.390000e+02 6.344895e-02 7.923840e-02 -6.344265e-02 -2.803802e-04 6.721020e-04 -5.185604e-04 9.365574e-01 1.999720e+00 3.000672e+00 3.999481e+00 
1.400000e+02 6.250095e-02 7.911063e-02 -6.249481e-02 -2.900362e-04 6.546974e-04 -5.042553e-04 9.375052e-01 1.999710e+00 3.000655e+00 3.999496e+00 
1.410000e+02 7.167959e-02 7.905434e-02 -7.167453e-02 -3.675222e-04 5.636215e-04 -5.230904e-04 9.283255e-01 1.999632e+00 3.000564e+00 3.999477e+00 
1.420000e+02 6.804141e-02 7.897153e-02 -6.803608e-02 -3.845692e-04 5.433559e-04 -5.309582e-04 9.319639e-01 1.999615e+00 3.000543e+00 3.999469e+00 
1.430000e+02 7.251636e-02 7.892336e-02 -7.251126e-02 -3.734827e-04 5.609989e-04 -5.342960e-04 9.274887e-01 1.999627e+00 3.000561e+00 3.999466e+00 
1.440000e+02 7.509409e-02 7.889499e-02 -7.508922e-02 -3.601313e-04 5.757809e-04 -5.202293e-04 9.249108e-01 1.999640e+00 3.000576e+00 3.999480e+00 
1.450000e+02 7.401386e-02 7.885910e-02 -7.400906e-02 -3.609657e-04 5.671978e-04 -5.083084e-04 9.259909e-01 1.999639e+00 3.000567e+00 3.999492e+00 
1.460000e+02 7.396051e-02 7.882335e-02 -7.395571e-02 -3.598928e-04 5.676746e-04 -5.073547e-04 9.260443e-01 1.999640e+00 3.000568e+00 3.999493e+00 
1.470000e+02 7.514030e-02 7.879666e-02 -7.513559e-02 -3.716946e-04 5.555153e-04 -5.116463e-04 9.248644e-01 1.999628e+00 3.000556e+00 3.999488e+00 
1.480000e+02 7.418102e-02 7.876345e-02 -7.417637e-02 -3.861189e-04 5.426407e-04 -4.956722e-04 9.258236e-01 1.999614e+00 3.000543e+00 3.999504e+00 
1.490000e+02 7.401569e-02 7.872954e-02 -7.401103e-02 -3.864765e-04 5.419254e-04 -4.975796e-04 9.259890e-01 1.999614e+00 3.000542e+00 3.999502e+00 
1.500000e+02 7.183382e-02 7.868063e-02 -7.182920e-02 -4.025698e-04 5.254745e-04 -4.751682e-04 9.281708e-01 1.999597e+00 3.000525e+00 3.999525e+00 
1.510000e+02 6.974133e-02 7.861768e-02 -6.973642e-02 -4.116297e-04 5.257130e-04 -4.882812e-04 9.302636e-01 1.999588e+00 3.000526e+00 3.999512e+00 
1.520000e+02 6.799561e-02 7.854340e-02 -6.799048e-02 -3.949404e-04 5.445480e-04 -4.942417e-04 9.320095e-01 1.999605e+00 3.000545e+00 3.999506e+00 
1.530000e+02 7.080325e-02 7.848965e-02 -7.079828e-02 -3.818274e-04 5.731583e-04 -4.792213e-04 9.292017e-01 1.999618e+00 3.000573e+00 3.999521e+00 
1.540000e+02 6.807710e-02 7.841784e-02 -6.807154e-02 -3.964901e-04 5.881786e-04 -5.035400e-04 9.319285e-01 1.999604e+00 3.000588e+00 3.999496e+00 
1.550000e+02 6.910358e-02 7.835404e-02 -6.909823e-02 -3.869534e-04 5.881786e-04 -4.935265e-04 9.309018e-01 1.999613e+00 3.000588e+00 3.999506e+00 
1.560000e+02 6.658015e-02 7.827395e-02 -6.657499e-02 -3.948212e-04 5.373955e-04 -4.928112e-04 9.334250e-01 1.999605e+00 3.000537e+00 3.999507e+00 
1.570000e+02 6.521344e-02 7.818570e-02 -6.520808e-02 -3.939867e-04 5.559921e-04 -4.849434e-04 9.347919e-01 1.999606e+00 3.000556e+00 3.999515e+00 
1.580000e+02 6.174208e-02 7.807534e-02 -6.173617e-02 -3.737211e-04 5.655289e-04 -5.202293e-04 9.382638e-01 1.999626e+00 3.000566e+00 3.999480e+00 
1.590000e+02 5.902724e-02 7.794835e-02 -5.902082e-02 -3.846884e-04 5.619526e-04 -5.424023e-04 9.409792e-01 1.999615e+00 3.000562e+00 3.999458e+00 
1.600000e+02 6.048209e-02 7.783268e-02 -6.047571e-02 -4.070997e-04 5.247593e-04 -5.757809e-04 9.395243e-01 1.999593e+00 3.000525e+00 3.999424e+00 
1.610000e+02 6.868302e-02 7.777249e-02 -6.867790e-02 -3.060102e-04 6.170273e-04 -4.775524e-04 9.313221e-01 1.999694e+00 3.000617e+00 3.999522e+00 
1.620000e+02 6.884130e-02 7.771412e-02 -6.883621e-02 -3.037453e-04 6.165504e-04 -4.773140e-04 9.311638e-01 1.999696e+00 3.000617e+00 3.999523e+00 
1.630000e+02 6.441111e-02 7.762773e-02 -6.440562e-02 -3.017187e-04 6.484985e-04 -4.422665e-04 9.355944e-01 1.999698e+00 3.000648e+00 3.999558e+00 
1.640000e+02 6.035072e-02 7.751627e-02 -6.034505e-02 -3.099442e-04 6.554127e-04 -3.974438e-04 9.396549e-01 1.999690e+00 3.000655e+00 3.999603e+00 
1.650000e+02 5.879719e-02 7.739627e-02 -5.879134e-02 -3.154278e-04 6.673336e-04 -3.776550e-04 9.412087e-01 1.999685e+00 3.000667e+00 3.999622e+00 
1.660000e+02 6.211742e-02 7.729896e-02 -6.211185e-02 -2.847910e-04 6.937981e-04 -3.588200e-04 9.378881e-01 1.999715e+00 3.000694e+00 3.999641e+00 
1.670000e+02 5.530419e-02 7.715975e-02 -5.529785e-02 -2.444983e-04 7.333755e-04 -3.216267e-04 9.447021e-01 1.999756e+00 3.000733e+00 3.999678e+00 
1.680000e+02 5.163426e-02 7.699921e-02 -5.162770e-02 -2.639294e-04 6.873608e-04 -3.685951e-04 9.483723e-01 1.999736e+00 3.000687e+00 3.999631e+00 
1.690000e+02 5.224173e-02 7.684448e-02 -5.223525e-02 -2.664328e-04 6.856918e-04 -3.690720e-04 9.477648e-01 1.999734e+00 3.000686e+00 3.999631e+00 
1.700000e+02 5.113626e-02 7.668480e-02 -5.112958e-02 -2.661943e-04 6.833076e-04 -3.819466e-04 9.488704e-01 1.999734e+00 3.000683e+00 3.999618e+00 
1.710000e+02 4.688962e-02 7.650088e-02 -4.688191e-02 -2.211332e-04 7.543564e-04 -3.237724e-04 9.531181e-01 1.999779e+00 3.000754e+00 3.999676e+00 
1.720000e+02 4.547276e-02 7.631052e-02 -4.546511e-02 -2.126694e-04 7.381439e-04 -3.240108e-04 9.545349e-01 1.999787e+00 3.000738e+00 3.999676e+00 
1.730000e+02 4.109563e-02 7.609580e-02 -4.108804e-02 -1.664162e-04 6.875992e-04 -3.507137e-04 9.589120e-01 1.999834e+00 3.000688e+00 3.999649e+00 
1.740000e+02 3.591364e-02 7.585227e-02 -3.590411e-02 -1.900196e-04 7.078648e-04 -3.840923e-04 9.640959e-01 1.999810e+00 3.000708e+00 3.999616e+00 
1.750000e+02 3.523287e-02 7.560757e-02 -3.522331e-02 -1.839399e-04 7.009506e-04 -3.852844e-04 9.647767e-01 1.999816e+00 3.000701e+00 3.999615e+00 
1.760000e+02 3.926800e-02 7.538997e-02 -3.925943e-02 -1.957417e-04 6.859303e-04 -4.048347e-04 9.607406e-01 1.999804e+00 3.000686e+00 3.999595e+00 
1.770000e+02 4.052544e-02 7.518244e-02 -4.051685e-02 -2.192259e-04 6.806850e-04 -4.296303e-04 9.594831e-01 1.999781e+00 3.000681e+00 3.999570e+00 
1.780000e+02 3.950086e-02 7.497131e-02 -3.949207e-02 -2.104044e-04 6.835461e-04 -4.279613e-04 9.605079e-01 1.999790e+00 3.000684e+00 3.999572e+00 
1.790000e+02 4.321863e-02 7.478453e-02 -4.320985e-02 -2.126694e-04 7.295609e-04 -4.255772e-04 9.567901e-01 1.999787e+00 3.000730e+00 3.999574e+00 
1.800000e+02 3.711038e-02 7.456421e-02 -3.710204e-02 -1.157522e-04 6.701946e-04 -3.955364e-04 9.628980e-01 1.999884e+00 3.000670e+00 3.999604e+00 
1.810000e+02 3.486173e-02 7.433338e-02 -3.485256e-02 -1.058578e-04 6.723404e-04 -4.193783e-04 9.651474e-01 1.999894e+00 3.000672e+00 3.999581e+00 
1.820000e+02 3.298506e-02 7.409438e-02 -3.297454e-02 -1.126528e-04 6.902218e-04 -4.527569e-04 9.670255e-01 1.999887e+00 3.000690e+00 3.999547e+00 
1.830000e+02 2.601636e-02 7.381807e-02 -2.600318e-02 -1.338720e-04 6.406307e-04 -5.073547e-04 9.739968e-01 1.999866e+00 3.000641e+00 3.999493e+00 
1.840000e+02 2.956362e-02 7.356518e-02 -2.955258e-02 -1.451969e-04 6.227493e-04 -4.935265e-04 9.704474e-01 1.999855e+00 3.000623e+00 3.999506e+00 
1.850000e+02 2.684312e-02 7.329972e-02 -2.683085e-02 -1.329184e-04 6.158352e-04 -5.116463e-04 9.731691e-01 1.999867e+00 3.000616e+00 3.999488e+00 
1.860000e+02 2.515679e-02 7.302772e-02 -2.514410e-02 -1.286268e-04 6.146431e-04 -4.940033e-04 9.748559e-01 1.999871e+00 3.000615e+00 3.999506e+00 
1.870000e+02 2.482338e-02 7.275691e-02 -2.481031e-02 -1.257658e-04 6.284714e-04 -4.875660e-04 9.751897e-01 1.999874e+00 3.000628e+00 3.999512e+00 
1.880000e+02 2.708943e-02 7.250179e-02 -2.707845e-02 -1.224279e-04 6.175041e-04 -4.453659e-04 9.729216e-01 1.999878e+00 3.000618e+00 3.999555e+00 
1.890000e+02 2.995901e-02 7.226544e-02 -2.994937e-02 -9.739399e-05 6.089211e-04 -4.444122e-04 9.700506e-01 1.999903e+00 3.000609e+00 3.999556e+00 
1.900000e+02 3.288780e-02 7.204788e-02 -3.287929e-02 -1.010895e-04 6.108284e-04 -4.200935e-04 9.671207e-01 1.999899e+00 3.000611e+00 3.999580e+00 
