0.000000e+00 2.220360e+00 0.000000e+00 -1.000000e+00 -7.000000e-01 1.000000e+00 -1.000000e+00 1.200000e+00 2.500000e+00 -1.000000e+00 1.000000e+00 5.000000e+00 -1.000000e+00 
1.000000e+00 2.208940e+00 0.000000e+00 -9.989309e-01 -8.114789e-01 1.024902e+00 -8.994431e-01 1.167747e+00 2.501069e+00 -1.111479e+00 1.024902e+00 5.100557e+00 -1.032253e+00 
2.000000e+00 1.924600e+00 0.000000e+00 -9.904938e-01 -1.644734e-01 1.257963e+00 -2.271056e-01 1.030488e+00 2.509506e+00 -4.644734e-01 1.257963e+00 5.772894e+00 -1.169512e+00 
3.000000e+00 1.365950e+00 0.000000e+00 -9.495490e-01 -1.301783e-01 1.067366e-01 1.004167e-01 9.621613e-01 2.550451e+00 -4.301783e-01 1.067366e-01 6.100417e+00 -1.237839e+00 
4.000000e+00 8.873166e-01 0.000000e+00 -8.434825e-01 -6.020772e-02 1.054118e-01 -7.038260e-02 2.370183e-01 2.656518e+00 -3.602077e-01 1.054118e-01 5.929617e+00 -1.962982e+00 
5.000000e+00 4.064520e-01 0.000000e+00 -1.750987e-01 -6.935298e-02 1.258942e-01 -6.141090e-02 3.318331e-01 3.324901e+00 -3.693530e-01 1.258942e-01 5.938589e+00 -1.868167e+00 
6.000000e+00 1.886403e+00 0.000000e+00 -1.860281e+00 -6.406337e-02 1.003565e-01 -3.861237e-02 2.867116e-01 1.639719e+00 -3.640634e-01 1.003565e-01 5.961388e+00 -1.913288e+00 
7.000000e+00 6.080515e-01 0.000000e+00 -5.830617e-01 -3.792590e-02 4.595083e-02 -5.604362e-02 1.519046e-01 2.916938e+00 -3.379259e-01 4.595083e-02 5.943956e+00 -2.048095e+00 
8.000000e+00 7.513707e-01 0.000000e+00 -7.322443e-01 -3.777257e-02 4.642111e-02 -5.545092e-02 1.473763e-01 2.767756e+00 -3.377726e-01 4.642111e-02 5.944549e+00 -2.052624e+00 
9.000000e+00 7.530831e-01 0.000000e+00 -7.330449e-01 -3.851211e-02 4.624837e-02 -5.416203e-02 1.523933e-01 2.766955e+00 -3.385121e-01 4.624837e-02 5.945838e+00 -2.047607e+00 
1.000000e+01 2.137714e+00 2.137714e+00 -2.136144e+00 -3.846058e-02 2.907368e-02 -5.449390e-02 3.762269e-02 1.363856e+00 -3.384606e-01 2.907368e-02 5.945506e+00 -2.162377e+00 
1.100000e+01 2.029159e+00 2.083437e+00 -2.027287e+00 -3.815088e-02 3.004890e-02 -5.374861e-02 4.841161e-02 1.472713e+00 -3.381509e-01 3.004890e-02 5.946251e+00 -2.151588e+00 
1.200000e+01 1.533168e+00 1.900014e+00 -1.530883e+00 -3.362677e-02 1.116825e-02 -4.867887e-02 5.810714e-02 1.969117e+00 -3.336268e-01 1.116825e-02 5.951321e+00 -2.141893e+00 
1.300000e+01 1.851773e+00 1.887954e+00 -1.850639e+00 -2.461499e-02 6.948785e-03 -4.137611e-02 4.282904e-02 1.649361e+00 -3.246150e-01 6.948785e-03 5.958624e+00 -2.157171e+00 
1.400000e+01 1.877211e+00 1.885805e+00 -1.876110e+00 -2.394813e-02 7.206056e-03 -4.126835e-02 4.247475e-02 1.623890e+00 -3.239481e-01 7.206056e-03 5.958732e+00 -2.157525e+00 
1.500000e+01 1.716287e+00 1.857552e+00 -1.715081e+00 -2.499419e-02 7.059775e-03 -3.922081e-02 4.387546e-02 1.784919e+00 -3.249942e-01 7.059775e-03 5.960779e+00 -2.156125e+00 
1.600000e+01 1.547308e+00 1.813232e+00 -1.546183e+00 -2.349487e-02 3.112227e-03 -4.071236e-02 3.554177e-02 1.953817e+00 -3.234949e-01 3.112227e-03 5.959288e+00 -2.164458e+00 
1.700000e+01 1.156269e+00 1.731111e+00 -1.155339e+00 -1.560229e-02 -1.356685e-02 -3.547764e-02 2.151728e-02 2.344661e+00 -3.156023e-01 -1.356685e-02 5.964522e+00 -2.178483e+00 
1.800000e+01 9.148591e-01 1.640417e+00 -9.140213e-01 -9.044856e-03 -2.221691e-02 -3.024912e-02 6.478786e-03 2.585979e+00 -3.090449e-01 -2.221691e-02 5.969751e+00 -2.193521e+00 
1.900000e+01 9.130481e-01 1.567680e+00 -9.122076e-01 -9.048402e-03 -2.224677e-02 -3.026104e-02 6.447792e-03 2.587792e+00 -3.090484e-01 -2.224677e-02 5.969739e+00 -2.193552e+00 
2.000000e+01 9.066357e-01 1.507585e+00 -9.057963e-01 -9.496480e-03 -2.167606e-02 -2.996731e-02 7.960081e-03 2.594204e+00 -3.094965e-01 -2.167606e-02 5.970033e+00 -2.192040e+00 
2.100000e+01 9.825292e-01 1.463830e+00 -9.818237e-01 -1.086110e-02 -1.870374e-02 -2.917671e-02 8.173943e-03 2.518176e+00 -3.108611e-01 -1.870374e-02 5.970823e+00 -2.191826e+00 
2.200000e+01 8.516297e-01 1.416738e+00 -8.509028e-01 -9.944707e-03 -1.636792e-02 -2.900743e-02 5.413532e-03 2.649097e+00 -3.099447e-01 -1.636792e-02 5.970993e+00 -2.194587e+00 
2.300000e+01 9.083806e-01 1.380427e+00 -9.077611e-01 -9.564579e-03 -1.454300e-02 -2.822542e-02 5.042553e-03 2.592239e+00 -3.095646e-01 -1.454300e-02 5.971775e+00 -2.194957e+00 
2.400000e+01 8.664030e-01 1.346158e+00 -8.657484e-01 -8.936614e-03 -1.513031e-02 -2.822256e-02 5.339146e-03 2.634252e+00 -3.089366e-01 -1.513031e-02 5.971777e+00 -2.194661e+00 
2.500000e+01 9.244555e-01 1.319802e+00 -9.239128e-01 -9.073704e-03 -1.410946e-02 -2.660799e-02 3.714800e-03 2.576087e+00 -3.090737e-01 -1.410946e-02 5.973392e+00 -2.196285e+00 
2.600000e+01 8.847056e-01 1.294208e+00 -8.841515e-01 -9.534508e-03 -1.282459e-02 -2.665186e-02 3.817320e-03 2.615849e+00 -3.095345e-01 -1.282459e-02 5.973348e+00 -2.196183e+00 
2.700000e+01 7.615841e-01 1.264618e+00 -7.610564e-01 -1.020095e-02 -1.350701e-02 -2.271795e-02 9.093285e-04 2.738944e+00 -3.102010e-01 -1.350701e-02 5.977282e+00 -2.199091e+00 
2.800000e+01 7.156416e-01 1.235724e+00 -7.151961e-01 -1.001987e-02 -7.574594e-03 -2.059841e-02 7.435322e-03 2.784804e+00 -3.100199e-01 -7.574594e-03 5.979402e+00 -2.192565e+00 
2.900000e+01 6.685802e-01 1.207367e+00 -6.681170e-01 -9.466797e-03 -8.054325e-03 -2.059364e-02 6.360531e-03 2.831883e+00 -3.094668e-01 -8.054325e-03 5.979406e+00 -2.193640e+00 
3.000000e+01 6.446911e-01 1.180573e+00 -6.442235e-01 -9.009004e-03 -8.359613e-03 -2.009630e-02 6.914377e-03 2.855777e+00 -3.090090e-01 -8.359613e-03 5.979904e+00 -2.193086e+00 
3.100000e+01 6.117412e-01 1.154717e+00 -6.112607e-01 -8.875400e-03 -8.267544e-03 -1.994085e-02 6.553650e-03 2.888739e+00 -3.088754e-01 -8.267544e-03 5.980059e+00 -2.193446e+00 
3.200000e+01 6.911924e-01 1.134564e+00 -6.908605e-01 -9.035647e-03 -8.549937e-03 -1.704073e-02 3.674746e-03 2.809139e+00 -3.090357e-01 -8.549937e-03 5.982959e+00 -2.196325e+00 
3.300000e+01 6.899279e-01 1.116037e+00 -6.895952e-01 -9.022355e-03 -8.559705e-03 -1.705599e-02 3.656626e-03 2.810405e+00 -3.090224e-01 -8.559705e-03 5.982944e+00 -2.196343e+00 
3.400000e+01 6.380525e-01 1.096918e+00 -6.377103e-01 -1.016143e-02 -6.393695e-03 -1.650047e-02 4.482985e-03 2.862290e+00 -3.101614e-01 -6.393695e-03 5.983500e+00 -2.195517e+00 
3.500000e+01 6.286374e-01 1.078907e+00 -6.282887e-01 -1.025227e-02 -6.298971e-03 -1.660061e-02 4.231691e-03 2.871711e+00 -3.102523e-01 -6.298971e-03 5.983399e+00 -2.195768e+00 
3.600000e+01 5.862374e-01 1.060660e+00 -5.858972e-01 -9.616673e-03 -6.541755e-03 -1.599979e-02 2.734423e-03 2.914103e+00 -3.096167e-01 -6.541755e-03 5.984000e+00 -2.197266e+00 
3.700000e+01 5.661939e-01 1.043001e+00 -5.658462e-01 -9.588689e-03 -6.587084e-03 -1.581812e-02 2.843618e-03 2.934154e+00 -3.095887e-01 -6.587084e-03 5.984182e+00 -2.197156e+00 
3.800000e+01 5.476449e-01 1.025919e+00 -5.472803e-01 -9.513497e-03 -6.672488e-03 -1.604939e-02 2.567530e-03 2.952720e+00 -3.095135e-01 -6.672488e-03 5.983951e+00 -2.197433e+00 
3.900000e+01 5.292046e-01 1.009362e+00 -5.288832e-01 -8.803725e-03 -3.301871e-03 -1.488829e-02 5.471706e-03 2.971117e+00 -3.088037e-01 -3.301871e-03 5.985112e+00 -2.194528e+00 
4.000000e+01 4.861198e-01 9.924834e-01 -4.857962e-01 -8.542091e-03 -1.722671e-03 -1.499891e-02 3.693819e-03 3.014204e+00 -3.085421e-01 -1.722671e-03 5.985001e+00 -2.196306e+00 
4.100000e+01 4.912940e-01 9.768212e-01 -4.909766e-01 -8.497566e-03 -1.601936e-03 -1.492453e-02 3.783226e-03 3.009023e+00 -3.084976e-01 -1.601936e-03 5.985075e+00 -2.196217e+00 
4.200000e+01 4.669588e-01 9.613709e-01 -4.666445e-01 -7.760674e-03 -1.258537e-03 -1.476049e-02 3.708601e-03 3.033355e+00 -3.077607e-01 -1.258537e-03 5.985240e+00 -2.196291e+00 
4.300000e+01 4.419941e-01 9.460951e-01 -4.416749e-01 -7.644951e-03 -1.517035e-03 -1.454782e-02 3.108740e-03 3.058325e+00 -3.076450e-01 -1.517035e-03 5.985452e+00 -2.196891e+00 
4.400000e+01 4.396024e-01 9.316239e-01 -4.392810e-01 -7.673711e-03 -1.516407e-03 -1.452732e-02 3.200293e-03 3.060719e+00 -3.076737e-01 -1.516407e-03 5.985473e+00 -2.196800e+00 
4.500000e+01 4.374846e-01 9.178978e-01 -4.371603e-01 -7.672906e-03 -1.510329e-03 -1.457644e-02 3.167868e-03 3.062840e+00 -3.076729e-01 -1.510329e-03 5.985424e+00 -2.196832e+00 
4.600000e+01 4.147013e-01 9.042979e-01 -4.143436e-01 -8.139372e-03 -1.366006e-05 -1.476955e-02 3.492832e-03 3.085656e+00 -3.081394e-01 -1.366006e-05 5.985230e+00 -2.196507e+00 
4.700000e+01 4.028171e-01 8.911010e-01 -4.024534e-01 -8.114219e-03 -3.286164e-04 -1.466894e-02 3.422737e-03 3.097547e+00 -3.081142e-01 -3.286164e-04 5.985331e+00 -2.196577e+00 
4.800000e+01 4.072352e-01 8.786942e-01 -4.068763e-01 -8.140922e-03 -2.218904e-04 -1.457834e-02 3.649712e-03 3.093124e+00 -3.081409e-01 -2.218904e-04 5.985422e+00 -2.196350e+00 
4.900000e+01 3.905892e-01 8.664916e-01 -3.902154e-01 -7.987887e-03 -2.467288e-04 -1.465750e-02 3.627777e-03 3.109785e+00 -3.079879e-01 -2.467288e-04 5.985343e+00 -2.196372e+00 
5.000000e+01 3.704944e-01 8.543941e-01 -3.701267e-01 -7.663369e-03 -7.927282e-04 -1.404953e-02 3.949165e-03 3.129873e+00 -3.076634e-01 -7.927282e-04 5.985950e+00 -2.196051e+00 
5.100000e+01 3.537463e-01 8.424739e-01 -3.533592e-01 -7.851124e-03 -8.460692e-04 -1.414871e-02 3.337622e-03 3.146641e+00 -3.078511e-01 -8.460692e-04 5.985851e+00 -2.196662e+00 
5.200000e+01 3.708185e-01 8.315052e-01 -3.704703e-01 -7.676601e-03 -1.165830e-03 -1.380062e-02 2.722025e-03 3.129530e+00 -3.076766e-01 -1.165830e-03 5.986199e+00 -2.197278e+00 
5.300000e+01 3.900141e-01 8.214713e-01 -3.896811e-01 -7.999718e-03 -1.038832e-03 -1.382923e-02 1.825809e-03 3.110319e+00 -3.079997e-01 -1.038832e-03 5.986171e+00 -2.198174e+00 
5.400000e+01 4.023392e-01 8.121572e-01 -4.020324e-01 -7.677674e-03 -1.547750e-03 -1.352453e-02 1.604557e-03 3.097968e+00 -3.076777e-01 -1.547750e-03 5.986475e+00 -2.198395e+00 
5.500000e+01 3.939675e-01 8.030661e-01 -3.936596e-01 -7.545739e-03 -1.462931e-03 -1.339722e-02 1.996994e-03 3.106340e+00 -3.075458e-01 -1.462931e-03 5.986603e+00 -2.198003e+00 
5.600000e+01 3.866490e-01 7.942062e-01 -3.863356e-01 -7.346511e-03 -1.498365e-03 -1.349115e-02 2.006054e-03 3.113664e+00 -3.073465e-01 -1.498365e-03 5.986509e+00 -2.197994e+00 
5.700000e+01 3.977513e-01 7.859467e-01 -3.974550e-01 -7.128507e-03 -1.504663e-03 -1.335955e-02 2.013206e-03 3.102545e+00 -3.071285e-01 -1.504663e-03 5.986640e+00 -2.197987e+00 
5.800000e+01 3.952122e-01 7.779725e-01 -3.949142e-01 -7.160097e-03 -1.510948e-03 -1.332664e-02 2.078295e-03 3.105086e+00 -3.071601e-01 -1.510948e-03 5.986673e+00 -2.197922e+00 
5.900000e+01 3.842987e-01 7.700991e-01 -3.839915e-01 -7.080168e-03 -1.485979e-03 -1.343250e-02 1.812696e-03 3.116009e+00 -3.070802e-01 -1.485979e-03 5.986567e+00 -2.198187e+00 
6.000000e+01 3.698341e-01 7.622507e-01 -3.695126e-01 -6.906569e-03 -1.532816e-03 -1.362610e-02 1.412392e-03 3.130487e+00 -3.069066e-01 -1.532816e-03 5.986374e+00 -2.198588e+00 
6.100000e+01 3.634806e-01 7.545821e-01 -3.631525e-01 -6.891519e-03 -1.439142e-03 -1.364183e-02 1.654863e-03 3.136847e+00 -3.068915e-01 -1.439142e-03 5.986358e+00 -2.198345e+00 
6.200000e+01 3.534493e-01 7.470135e-01 -3.531134e-01 -7.077962e-03 -1.498316e-03 -1.347208e-02 1.868725e-03 3.146887e+00 -3.070780e-01 -1.498316e-03 5.986528e+00 -2.198131e+00 
6.300000e+01 3.563736e-01 7.397795e-01 -3.560426e-01 -7.084012e-03 -1.494584e-03 -1.340246e-02 1.936197e-03 3.143957e+00 -3.070840e-01 -1.494584e-03 5.986598e+00 -2.198064e+00 
6.400000e+01 3.440317e-01 7.325841e-01 -3.436909e-01 -6.821483e-03 -1.507725e-03 -1.354933e-02 1.419306e-03 3.156309e+00 -3.068215e-01 -1.507725e-03 5.986451e+00 -2.198581e+00 
6.500000e+01 3.747348e-01 7.261939e-01 -3.744590e-01 -6.540865e-03 -1.274417e-03 -1.267433e-02 1.242161e-03 3.125541e+00 -3.065409e-01 -1.274417e-03 5.987326e+00 -2.198758e+00 
6.600000e+01 3.567462e-01 7.197123e-01 -3.564737e-01 -6.487876e-03 -1.258205e-03 -1.211929e-02 1.955748e-03 3.143526e+00 -3.064879e-01 -1.258205e-03 5.987881e+00 -2.198044e+00 
6.700000e+01 3.462329e-01 7.132730e-01 -3.459721e-01 -5.811751e-03 -1.360707e-03 -1.181650e-02 2.294540e-03 3.154028e+00 -3.058118e-01 -1.360707e-03 5.988183e+00 -2.197706e+00 
6.800000e+01 3.369151e-01 7.068941e-01 -3.366418e-01 -5.802572e-03 -1.333686e-03 -1.200294e-02 2.142191e-03 3.163358e+00 -3.058026e-01 -1.333686e-03 5.987997e+00 -2.197858e+00 
6.900000e+01 3.340099e-01 7.006794e-01 -3.337326e-01 -5.795002e-03 -1.318983e-03 -1.206684e-02 2.061844e-03 3.166267e+00 -3.057950e-01 -1.318983e-03 5.987933e+00 -2.197938e+00 
7.000000e+01 3.432878e-01 6.948205e-01 -3.430262e-01 -5.761206e-03 -1.274201e-03 -1.183271e-02 2.171278e-03 3.156974e+00 -3.057612e-01 -1.274201e-03 5.988167e+00 -2.197829e+00 
7.100000e+01 3.425412e-01 6.891386e-01 -3.422787e-01 -5.787700e-03 -1.239476e-03 -1.182127e-02 2.223969e-03 3.157721e+00 -3.057877e-01 -1.239476e-03 5.988179e+00 -2.197776e+00 
7.200000e+01 3.233633e-01 6.833326e-01 -3.230999e-01 -5.544662e-03 -1.842374e-03 -1.149035e-02 2.035141e-03 3.176900e+00 -3.055447e-01 -1.842374e-03 5.988510e+00 -2.197965e+00 
7.300000e+01 3.029020e-01 6.773884e-01 -3.026450e-01 -5.255550e-03 -2.629268e-03 -1.083994e-02 1.897335e-03 3.197355e+00 -3.052556e-01 -2.629268e-03 5.989160e+00 -2.198103e+00 
7.400000e+01 2.989982e-01 6.715670e-01 -2.987418e-01 -5.281836e-03 -2.621833e-03 -1.070690e-02 1.965523e-03 3.201258e+00 -3.052818e-01 -2.621833e-03 5.989293e+00 -2.198035e+00 
7.500000e+01 3.090358e-01 6.660741e-01 -3.087943e-01 -5.268693e-03 -2.797048e-03 -1.044846e-02 2.110243e-03 3.191206e+00 -3.052687e-01 -2.797048e-03 5.989552e+00 -2.197890e+00 
7.600000e+01 2.958262e-01 6.605480e-01 -2.955730e-01 -5.221426e-03 -2.976415e-03 -1.040173e-02 2.335787e-03 3.204427e+00 -3.052214e-01 -2.976415e-03 5.989598e+00 -2.197664e+00 
7.700000e+01 3.113783e-01 6.554132e-01 -3.111603e-01 -4.772544e-03 -2.586737e-03 -1.009083e-02 2.105474e-03 3.188840e+00 -3.047726e-01 -2.586737e-03 5.989909e+00 -2.197895e+00 
7.800000e+01 3.112321e-01 6.504250e-01 -3.110139e-01 -4.774809e-03 -2.588516e-03 -1.009083e-02 2.107143e-03 3.188986e+00 -3.047748e-01 -2.588516e-03 5.989909e+00 -2.197893e+00 
7.900000e+01 3.071138e-01 6.455206e-01 -3.068905e-01 -4.645377e-03 -2.525735e-03 -1.021528e-02 2.190590e-03 3.193110e+00 -3.046454e-01 -2.525735e-03 5.989785e+00 -2.197809e+00 
8.000000e+01 3.093484e-01 6.407858e-01 -3.091276e-01 -4.609734e-03 -2.601842e-03 -1.018524e-02 2.199173e-03 3.190872e+00 -3.046097e-01 -2.601842e-03 5.989815e+00 -2.197801e+00 
8.100000e+01 3.046842e-01 6.361177e-01 -3.044658e-01 -4.626483e-03 -2.496065e-03 -1.000547e-02 2.298355e-03 3.195534e+00 -3.046265e-01 -2.496065e-03 5.989995e+00 -2.197702e+00 
8.200000e+01 3.112617e-01 6.316676e-01 -3.110540e-01 -4.338413e-03 -2.506803e-03 -9.952545e-03 2.255201e-03 3.188946e+00 -3.043384e-01 -2.506803e-03 5.990047e+00 -2.197745e+00 
8.300000e+01 2.931152e-01 6.270926e-01 -2.929060e-01 -4.223019e-03 -2.578778e-03 -9.706497e-03 1.969099e-03 3.207094e+00 -3.042230e-01 -2.578778e-03 5.990294e+00 -2.198031e+00 
8.400000e+01 2.974115e-01 6.226968e-01 -2.972066e-01 -4.241735e-03 -2.444711e-03 -9.691238e-03 1.978159e-03 3.202793e+00 -3.042417e-01 -2.444711e-03 5.990309e+00 -2.198022e+00 
8.500000e+01 2.939652e-01 6.183714e-01 -2.937572e-01 -4.203826e-03 -2.437855e-03 -9.708405e-03 2.094030e-03 3.206243e+00 -3.042038e-01 -2.437855e-03 5.990292e+00 -2.197906e+00 
8.600000e+01 3.026781e-01 6.142715e-01 -3.024809e-01 -4.212469e-03 -2.338907e-03 -9.549618e-03 2.219439e-03 3.197519e+00 -3.042125e-01 -2.338907e-03 5.990450e+00 -2.197781e+00 
8.700000e+01 2.851207e-01 6.100516e-01 -2.849116e-01 -4.637867e-03 -2.492186e-03 -9.379387e-03 1.873016e-03 3.215088e+00 -3.046379e-01 -2.492186e-03 5.990621e+00 -2.198127e+00 
8.800000e+01 2.862115e-01 6.059524e-01 -2.860031e-01 -4.625738e-03 -2.499861e-03 -9.382248e-03 1.883984e-03 3.213997e+00 -3.046257e-01 -2.499861e-03 5.990618e+00 -2.198116e+00 
8.900000e+01 2.890974e-01 6.019917e-01 -2.888906e-01 -4.613161e-03 -2.561080e-03 -9.382248e-03 1.914978e-03 3.211109e+00 -3.046132e-01 -2.561080e-03 5.990618e+00 -2.198085e+00 
9.000000e+01 2.757534e-01 5.979640e-01 -2.755659e-01 -3.902733e-03 -2.682951e-03 -8.817196e-03 1.788139e-03 3.224434e+00 -3.039027e-01 -2.682951e-03 5.991183e+00 -2.198212e+00 
9.100000e+01 2.702162e-01 5.939671e-01 -2.700226e-01 -3.851950e-03 -2.475302e-03 -8.922577e-03 1.995564e-03 3.229977e+00 -3.038520e-01 -2.475302e-03 5.991077e+00 -2.198004e+00 
9.200000e+01 2.666481e-01 5.900235e-01 -2.664540e-01 -3.792703e-03 -2.460806e-03 -8.890152e-03 2.003670e-03 3.233546e+00 -3.037927e-01 -2.460806e-03 5.991110e+00 -2.197996e+00 
9.300000e+01 2.668983e-01 5.861768e-01 -2.667046e-01 -3.791749e-03 -2.458856e-03 -8.884907e-03 2.004147e-03 3.233295e+00 -3.037918e-01 -2.458856e-03 5.991115e+00 -2.197996e+00 
9.400000e+01 2.660348e-01 5.824104e-01 -2.658401e-01 -3.796726e-03 -2.446891e-03 -8.899212e-03 1.993418e-03 3.234160e+00 -3.037967e-01 -2.446891e-03 5.991101e+00 -2.198007e+00 
9.500000e+01 2.569503e-01 5.786260e-01 -2.567575e-01 -3.730506e-03 -2.043867e-03 -8.751869e-03 2.091408e-03 3.243243e+00 -3.037305e-01 -2.043867e-03 5.991248e+00 -2.197909e+00 
9.600000e+01 2.591360e-01 5.749537e-01 -2.589450e-01 -3.728449e-03 -2.013846e-03 -8.731365e-03 2.183437e-03 3.241055e+00 -3.037285e-01 -2.013846e-03 5.991269e+00 -2.197817e+00 
9.700000e+01 2.512484e-01 5.712752e-01 -2.510519e-01 -3.867805e-03 -1.828126e-03 -8.716583e-03 2.107382e-03 3.248948e+00 -3.038678e-01 -1.828126e-03 5.991283e+00 -2.197893e+00 
9.800000e+01 2.520125e-01 5.676880e-01 -2.518170e-01 -3.872126e-03 -1.843304e-03 -8.708954e-03 2.065420e-03 3.248183e+00 -3.038721e-01 -1.843304e-03 5.991291e+00 -2.197935e+00 
9.900000e+01 2.546633e-01 5.642100e-01 -2.544727e-01 -4.038781e-03 -1.892321e-03 -8.611679e-03 1.725197e-03 3.245527e+00 -3.040388e-01 -1.892321e-03 5.991388e+00 -2.198275e+00 
1.000000e+02 2.495203e-01 5.607518e-01 -2.493236e-01 -4.053175e-03 -1.735715e-03 -8.674145e-03 1.850128e-03 3.250676e+00 -3.040532e-01 -1.735715e-03 5.991326e+00 -2.198150e+00 
