0.000000e+00 0.000000e+00 
1.000000e+00 0.000000e+00 
2.000000e+00 0.000000e+00 
3.000000e+00 0.000000e+00 
4.000000e+00 0.000000e+00 
5.000000e+00 0.000000e+00 
6.000000e+00 0.000000e+00 
7.000000e+00 0.000000e+00 
8.000000e+00 0.000000e+00 
9.000000e+00 0.000000e+00 
1.000000e+01 4.365730e-02 
1.100000e+01 2.286293e-02 
1.200000e+01 4.742285e-02 
1.300000e+01 6.697653e-02 
1.400000e+01 6.109913e-02 
1.500000e+01 5.574871e-02 
1.600000e+01 5.421719e-02 
1.700000e+01 4.768725e-02 
1.800000e+01 4.474752e-02 
1.900000e+01 4.361677e-02 
2.000000e+01 4.413411e-02 
2.100000e+01 4.841780e-02 
2.200000e+01 5.323335e-02 
2.300000e+01 5.726824e-02 
2.400000e+01 5.959769e-02 
2.500000e+01 6.122134e-02 
2.600000e+01 6.485638e-02 
2.700000e+01 6.737645e-02 
2.800000e+01 6.898019e-02 
2.900000e+01 7.068253e-02 
3.000000e+01 7.244648e-02 
3.100000e+01 7.449194e-02 
3.200000e+01 7.713228e-02 
3.300000e+01 7.971487e-02 
3.400000e+01 8.157105e-02 
3.500000e+01 8.369931e-02 
3.600000e+01 8.628999e-02 
3.700000e+01 8.874340e-02 
3.800000e+01 9.057837e-02 
3.900000e+01 9.199718e-02 
4.000000e+01 9.334863e-02 
4.100000e+01 9.401512e-02 
4.200000e+01 9.459169e-02 
4.300000e+01 9.519493e-02 
4.400000e+01 9.584557e-02 
4.500000e+01 9.607039e-02 
4.600000e+01 9.584957e-02 
4.700000e+01 9.573309e-02 
4.800000e+01 9.560140e-02 
4.900000e+01 9.523963e-02 
5.000000e+01 9.484282e-02 
5.100000e+01 9.432203e-02 
5.200000e+01 9.390786e-02 
5.300000e+01 9.406930e-02 
5.400000e+01 9.430635e-02 
5.500000e+01 9.453373e-02 
5.600000e+01 9.464320e-02 
5.700000e+01 9.485898e-02 
5.800000e+01 9.517408e-02 
5.900000e+01 9.539197e-02 
6.000000e+01 9.540925e-02 
6.100000e+01 9.534022e-02 
6.200000e+01 9.524231e-02 
6.300000e+01 9.508283e-02 
6.400000e+01 9.484033e-02 
6.500000e+01 9.492099e-02 
6.600000e+01 9.486626e-02 
6.700000e+01 9.477202e-02 
6.800000e+01 9.448876e-02 
6.900000e+01 9.413430e-02 
7.000000e+01 9.381820e-02 
7.100000e+01 9.360044e-02 
7.200000e+01 9.327824e-02 
7.300000e+01 9.288333e-02 
7.400000e+01 9.263378e-02 
7.500000e+01 9.248307e-02 
7.600000e+01 9.216902e-02 
7.700000e+01 9.185860e-02 
7.800000e+01 9.156468e-02 
7.900000e+01 9.119171e-02 
8.000000e+01 9.087624e-02 
8.100000e+01 9.066205e-02 
8.200000e+01 9.047626e-02 
8.300000e+01 9.018942e-02 
8.400000e+01 8.996353e-02 
8.500000e+01 8.970384e-02 
8.600000e+01 8.951548e-02 
8.700000e+01 8.920860e-02 
8.800000e+01 8.897103e-02 
8.900000e+01 8.882242e-02 
9.000000e+01 8.865163e-02 
9.100000e+01 8.840764e-02 
9.200000e+01 8.818228e-02 
9.300000e+01 8.791982e-02 
9.400000e+01 8.764967e-02 
9.500000e+01 8.734186e-02 
9.600000e+01 8.707078e-02 
9.700000e+01 8.675873e-02 
9.800000e+01 8.646674e-02 
9.900000e+01 8.621799e-02 
1.000000e+02 8.591706e-02 
1.010000e+02 8.563299e-02 
1.020000e+02 8.529740e-02 
1.030000e+02 8.505967e-02 
1.040000e+02 8.482113e-02 
1.050000e+02 8.454344e-02 
1.060000e+02 8.428261e-02 
1.070000e+02 8.405106e-02 
1.080000e+02 8.386374e-02 
1.090000e+02 8.370319e-02 
1.100000e+02 8.346327e-02 
1.110000e+02 8.325175e-02 
1.120000e+02 8.310352e-02 
1.130000e+02 8.297490e-02 
1.140000e+02 8.284171e-02 
1.150000e+02 8.270461e-02 
1.160000e+02 8.257494e-02 
1.170000e+02 8.247856e-02 
1.180000e+02 8.230413e-02 
1.190000e+02 8.211288e-02 
1.200000e+02 8.195554e-02 
1.210000e+02 8.180842e-02 
1.220000e+02 8.170371e-02 
1.230000e+02 8.155899e-02 
1.240000e+02 8.142072e-02 
1.250000e+02 8.125046e-02 
1.260000e+02 8.111217e-02 
1.270000e+02 8.096021e-02 
1.280000e+02 8.081277e-02 
1.290000e+02 8.064317e-02 
1.300000e+02 8.050733e-02 
1.310000e+02 8.034051e-02 
1.320000e+02 8.017930e-02 
1.330000e+02 8.001713e-02 
1.340000e+02 7.987840e-02 
1.350000e+02 7.976388e-02 
1.360000e+02 7.964782e-02 
1.370000e+02 7.950456e-02 
1.380000e+02 7.936080e-02 
1.390000e+02 7.923840e-02 
1.400000e+02 7.911063e-02 
1.410000e+02 7.905433e-02 
1.420000e+02 7.897153e-02 
1.430000e+02 7.892336e-02 
1.440000e+02 7.889500e-02 
1.450000e+02 7.885911e-02 
1.460000e+02 7.882335e-02 
1.470000e+02 7.879666e-02 
1.480000e+02 7.876346e-02 
1.490000e+02 7.872954e-02 
1.500000e+02 7.868063e-02 
1.510000e+02 7.861768e-02 
1.520000e+02 7.854340e-02 
1.530000e+02 7.848965e-02 
1.540000e+02 7.841784e-02 
1.550000e+02 7.835405e-02 
1.560000e+02 7.827395e-02 
1.570000e+02 7.818570e-02 
1.580000e+02 7.807534e-02 
1.590000e+02 7.794835e-02 
1.600000e+02 7.783268e-02 
1.610000e+02 7.777249e-02 
1.620000e+02 7.771412e-02 
1.630000e+02 7.762773e-02 
1.640000e+02 7.751627e-02 
1.650000e+02 7.739627e-02 
1.660000e+02 7.729895e-02 
1.670000e+02 7.715975e-02 
1.680000e+02 7.699921e-02 
1.690000e+02 7.684448e-02 
1.700000e+02 7.668480e-02 
1.710000e+02 7.650088e-02 
1.720000e+02 7.631052e-02 
1.730000e+02 7.609580e-02 
1.740000e+02 7.585227e-02 
1.750000e+02 7.560758e-02 
1.760000e+02 7.538997e-02 
1.770000e+02 7.518245e-02 
1.780000e+02 7.497131e-02 
1.790000e+02 7.478453e-02 
1.800000e+02 7.456421e-02 
1.810000e+02 7.433338e-02 
1.820000e+02 7.409438e-02 
1.830000e+02 7.381807e-02 
1.840000e+02 7.356519e-02 
1.850000e+02 7.329972e-02 
1.860000e+02 7.302772e-02 
1.870000e+02 7.275691e-02 
1.880000e+02 7.250179e-02 
1.890000e+02 7.226544e-02 
1.900000e+02 7.204788e-02 
